

--- Page 1602 ---
s: 104,5
s: 237,6s: 285,0
s: 105,2s: 1 904,0s: 273,0
s: 29,0s: 259,2
s: 246,5s: 5 958,6s: 239,7s: 44,9
s: 219,1s: 158,7
s: 146,1s: 98,9
s: 113,6
s: 2 271,3s: 134,8s: 749,6s: 104,2
s: 211,2
s: 152,1
s: 192,4s: 210,5s: 181,4s: 167,1s: 204,8
s: 277,9s: 606,8s: 45,9
s: 706,6s: 260,7s: 165,2s: 59,9
s: 617,2s: 142,6
s: 172,8
s: 32,7s: 111,1
s: 142,2
s: 160,3s: 513,2s: 629,0s: 305,0
s: 898,9s: 160,5
s: 44,4s: 120,3s: 239,7
s: 214,9s: 236,6s: 294,6s: 503,5
s: 3 289,17,267,09
7,381,863,2022,10
53,1221,90
11,3620,7327,13
6,463,54
14,027,9331,5123,64
0,3011,711,04
9,368,56
2,6218,64
8,565,8410,11
24,506,417,8110,38
12,538,297,60
8,00
1,064,1551,0613,396,15
14,942,16
1,586,2711,47
23,7013,576,01
5,504,0024,69
23,04
2,7741,000,20
17,1468,247,83
1,509,7513,1122,6912,900,93
8,41
21,93
18,002,3315,7925,7210,99
20,4618,64
8,11
23,716,6445,536,26
10,3613,81
9,41
6,8610,9723,559,273,20
8,8423,934,4623,51
23,64
2,89105,399,03
10,130,4316,79
15,30
0,3015,499,444,130,36
43,685,308,79
9,9616,9712,23
22,163,7812,203,67
4,56 2,6113,1714,64
7,310,30
15,06
15,9613,90
9,12
8,94
26,608,9423,40
0,3033,2118,75
18,103,789,250,96
6,98
2,8717,7819,99
1,1743,1628,40
7,9122,756,76
18,8418,5810,41
7,26
13,429,976,49
13,131,1116,217,256,15
16,189,1217,449,55
9,5744,32
19,613,32
7,87
23,62
6,5011,28
20,3127,33
47,950,360,17
14,355,89
17,2112,53
7,98
2,0148,25
83,7316,22
15,853,785,45
23,7024,80
3,3237,46
24,380,71
14,217,774,0518,69
14,6411,1512,3512,11
2,1319,893,0510,43
4,209,02
4,27
16,009,35
7,016,5814,02
5,66
19,236,886,179,31
9,807,04
47,6510,03 17,8015,753,94
17,461,02
0,290,46
19,8021,1618,6420,41
5,9411,89
15,1246,22
42,854,99
5,62
8,04
11,287,4417,94
7,095,79
13,1114,69
7,9210,977,86
10,936,22
6,1023,1617,191,08
50,077,08
120,1628,10
18,5315,3019,24
19,8918,69
16,5120,90
8,18
39,801,93
11,776,71
#79#77#75#70#55
#72#74#68 1/2 #59A#51#12
#47
#80#78#68#3#2
#73#71
#67#61#55
#57#4
#82#68#66
#59#55 1/2#54#2
#53
#76#74#67#56
#53 1/2#5
#72#70
#69#53#50#8
#10
#49#45
#4
#59#63A#1
#47B
#57
#76#69#58#56A#6
#48#46#44
#66
#72 1/2#65#65#60
#63#57A#52#3
PC-38518PC-41139PC-23894
1 213 5901 212 521
1 212 5261 315 1936 557 201
1 986 4141 212 549
1 213 5881 212 522
1 212 537
1 213 5331 212 5341 315 1941 315 195
1 212 525
1 213 2241 213 2251 212 545
1 213 592
1 213 2281 314 887
3 524 8331 315 2871 212 550
1 213 5301 212 523
3 524 8326 557 202
1 213 5871 213 5891 212 5381 212 527
1 213 2261 212 5312 525 645
1 315 201
1 213 5274 045 2291 212 532
1 212 536
1 213 5321 213 2201 212 524
2 400 1992 871 610
1 986 4151 213 5731 315 169
2 400 1981 212 530
1 212 533
1 213 2271 212 528
1 213 229Rue Saint-Louis
Rue Sainte-UrsuleRue du Parloir
No du règlement :
Préparé par :No du plan :
Échelle :R.C.A.1V.Q. 4
S.R.1:750
±
ANNEXE IVLimite de lot
Bâtiments principaux
Lot visé
RCA1VQ4PT67b
SERVICE DE LA PLANIFICATION
DE L'AMÉNAGEMENT ET
DE L'ENVIRONNEMENT Date du plan : 2024-07-09LOTS NUMÉROS 1 212 528,1 212 530,1 212 533, 1 213 227 ET 1 213 229 -
TERRITOIRE SUR LEQUEL UNE PERMISSION D'OCCUPATION PEUT ÊTRE PERMISE1602