

--- Page 1604 ---
s: 6 736,8s: 1 497,2s: 182,3s: 133,3
s: 637,4
s: 346,2s: 1 366,0
S: 853,0s: 1 939,4
s: 393,9
s: 123,4
s: 160,3s: 324,6s: 1 574,9
s: 656,2s: 370,2s: 360,1
s: 12,8s: 685,8s: 452,5s: 79,2
s: 635,5
s: 967,1s: 239,4s: 135,9
s: 621,5
s: 648,0s: 1 067,3s: 118,0
s: 246,570,945,078,18
22,525,372,34
45,083,09
20,711,4718,94
0,15
18,15
32,344,57
9,7045,947,6822,03
10,031,0449,037,49
16,96
4,951,98
3,660,893,4159,26
6,2714,626,788,37
31,807,57
13,87114,834,70
18,196,6220,6641,36
10,164,27
r: 3,5525,813,32
8,22
24,8446,5726,97
7,3419,87
3,2111,28
12,786,88
11,0032,5713,497,22
14,9718,182,33
11,070,431,90
55,85
10,666,3513,03
55,96
10,6720,945,25
4,7333,21
17,2714,6217,74
3,7027,055,77
62,4278,3327,602,33
0,50
12,76
10,6414,05
12,54
2,5712,2814,55
0,30
r: 2,697,214,38
3,8833,51
32,530,06
4,9753,88
15,083,32
7,62
4,46
13,291,108,8321,29
5,735,73
26,3018,53
16,256,73
32,817,9216,42
22,1620,5419,7317,75
92,4312,907,499,67
7,2420,3518,017,94
12,9814,30
8,817,2516,3745,51
8,8528,198,6911,89
26,5963,29
63,2928,547,24
4,67
15,2712,9110,13
10,9311,2059,4916,91
40,7418,59
9,45
12,687,310,70
21,3495,057,5312,8018,34
15,94
41,149,7560,3051,02
8,730,76
25,804,8624,08
14,71
7,9118,31
33,3018,39113,28
32,248,05
14,57
5,61#49
#29
#21
#117#5#9#36
#40#59#51
#33
#17
#115#81
#42#71
#125#66#70
#11A#35
#15#79
#24#67
#124#55
#49#40
#7
#42A#83
#20#92
#74
#53
#43#54#60#39#44
#80
#62#23#87#85
#10#75
#51#20
#105#41
#31
#113
#50#3
#122#58#25#89
#2 #69
#56PC-02145
PC-02112PC-02140
PC-02111PC-02110PC-02109PC-20476PC-02107
PC-021081 314 9251 213 3251 212 7611 315 077
1 213 326
1 212 7721 213 000
1 315 1711 212 7631 212 760
1 212 9781 314 9231 315 0661 212 762
1 212 771
1 212 781
1 314 9211 314 9191 212 764
1 212 778Rue Saint-Pierre
Rue du Sault-au-M
atelotRue des Remparts
Rue Notre-Dam
eRue Port-Dauphin
No du règlement :
Préparé par :No du plan :
Échelle :R.C.A.1V.Q. 4
S.R.1:750
±
ANNEXE IVLimite de lot
Bâtiments principaux
Lot visé
RCA1VQ4PT67d
SERVICE DE LA PLANIFICATION
DE L'AMÉNAGEMENT ET
DE L'ENVIRONNEMENT Date du plan : 2024-07-09LOTS NUMÉROS PC-02108 ( 1213 778, 1 213 779,1 213 780, 1 213 781, 1 213 782,1 213 783, 1 213 784,
1 213 785, 1 213 786 ET 1 213 787)  -
TERRITOIRE SUR LEQUEL UNE PERMISSION D'OCCUPATION PEUT ÊTRE PERMISE1604