

--- Page 1607 ---
s: 250,2s: 241,6
s: 617,6 s: 211,6
s: 693,1s: 272,1s: 241,6
s: 247,0s: 241,6s: 370,5
s: 1 449,5
s: 340,4s: 175,6
s: 241,6s: 241,6s: 172,3
s: 271,6s: 44,6
s: 364,3s: 343,8
s: 350,8
s: 175,2s: 172,3s: 593,3s: 369,6
s: 353,7
s: 238,6s: 187,1
s: 309,4S: 5 503,7s: 225,7
s: 337,6s: 241,7
s: 269,4s: 612,7
s: 96,7s: 1 049,5
s: 241,6s: 696,0s: 366,8
s: 325,2s: 361,1
s: 309,6s: 361,6
s: 217,6s: 1 519,5
s: 269,4
s: 240,9s: 789,4S: 116,7
s: 241,6
s: 1 305,7s: 371,7
s: 232,0
s: 309,4s: 340,4
s: 348,6s: 627,0s: 350,6
s: 340,2
s: 287,2S: 448,4
s: 51,4s: 172,3s: 317,9s: 343,8
s: 269,831,707,22
7,6233,82
33,8225,91
11,2825,912,50
21,63
27,43
15,2411,2833,84
21,3720,227,93
11,15
18,21
17,41
7,7011,28
31,9855,3227,43
31,9610,6110,61
6,544,68
7,626,65
7,627,6227,4310,29
11,2835,8110,22
22,8825,3810,22
22,869,6133,84
12,1822,8634,1410,36
9,9010,89
15,5414,490,6211,0811,28
10,3611,26
19,75
31,7048,27
31,916,6527,4332,81
25,917,2211,49
10,6735,91
27,4310,45
27,434,3110,67
1,8630,48
2,5027,43
30,4827,43
4,85
2,250,17
7,838,93
7,447,6222,37
14,557,6223,1621,63
31,701,5215,24
82,656,6527,43
88,7010,36
68,7535,86
10,29
10,0614,31
15,2710,0630,48
34,1414,63
14,4910,0611,2830,486,40
7,9342,67
99,07
41,7927,4311,0812,99
7,62
64,35
14,556,65
31,7031,70
31,70152,1527,43
31,7025,916,6520,98
6,8727,43
9,8927,4327,4333,8411,28
27,43
21,3734,14
6,432,2435,3610,67
13,5610,73
35,3617,10
31,70
7,621,5225,91
31,7010,36
7,6220,12
35,71
8,46
11,2810,06
33,84
8,4699,06
9,901,863,05
33,84
10,6730,48
30,48151,90
35,68
10,9730,48
7,70
7,627,623,0523,00
31,707,627,623,056,65
27,4314,8811,58
25,38
26,9335,96
12,713,05
100,3410,0614,47
21,378,23
4,477,6934,1430,48
11,58
7,62
7,62
31,702,15
25,91
6,547,606,65
22,8827,43
27,4310,36
27,4310,06
9,908,23
14,636,40
3,247,62
35,3630,48#1028
#111
#113#1036#1019
#132#1092A#1090B#1090A
#1134#1091#65A#50#40
#1170
#1174#95
#1165
#1173#1177#1167#1080
#41#1030
#148#146#134#1056
#126#122#1069#80
#1152#34
#30
#1160#1145#90A#43
#1155#60#56
#50#1098
#65#40
#30#1110
#1136
#121#1017
#144#1029
#138#1050#1033
#130#116#110#1094#74
#105#1105#79
#1115#44
#1154
#1164#76
#1169
#1179#1088#1084
#59#28#1085
#115#1015#1025
#128#1114#1098#1051
#1112
#106#1089#70
#1109#71B
#1125#55
#1149
#1157#1159#80#1096#1094
#150#1074
#118#1088
#108#1096
#1104#1065#78
#102#1144#61B
#65B
#1168#1175#1082
#69#46
#67#36#1104
#117
#119#1032
#107
#109
#154#1040
#142#1031
#1048#1035
#1066#1060
#112#1075#1079#81#60#56
#1119
#1135#90#25
#75#70
#66#26#1024#85
#1034
#140#136#1049
#1068
#1086#1055
#1059#66
#51
#1176#1078
#1120
#1126#1089
#152#1038
#124#120#114#1092B#1070
#1120
#1148#1095#75#61A
#1150#71A#49
#1147#35
#1151#1074
#86#1090
#57#55#1130
#49
PC-39700
PC-03575 PC-03576PC-38158PC-16991
PC-39390PC-38803PC-03600PC-03591
1 302 4401 303 527
1 303 559
1 303 5311 303 5401 303 4111 303 524
1 303 5421 303 5365 750 206
1 303 554
1 303 5411 303 521
1 303 5765 750 207
6 257 1731 303 7301 303 736
1 303 5551 303 525
1 303 5794 841 1231 303 534
1 303 5611 303 535
1 303 5781 303 5771 303 7311 303 520
1 303 508
1 303 5531 303 5281 303 509
1 303 5491 303 530
1 303 5841 303 5821 303 504
1 302 4391 303 732
1 303 5291 303 735
1 303 522
1 303 5801 302 438
1 303 5571 303 558
1 303 5161 303 505
1 303 5111 303 5605 477 736
1 303 5061 303 7794 841 1221 303 519
1 303 5831 303 507Rue Fraser
Avenue Cartier
Rue AberdeenAvenue De Salaberry
No du règlement :
Préparé par :No du plan :
Échelle :R.C.A.1V.Q. 4
S.R.1:750
±Limite de lot
Bâtiments principaux
Lot visé
RCA1VQ4PT68
SERVICE DE LA PLANIFICATION
DE L'AMÉNAGEMENT ET
DE L'ENVIRONNEMENT Date du plan : 2024-07-09ANNEXE IV
LOT NUMÉRO 1 303 507 -
TERRITOIRE SUR LEQUEL UNE PERMISSION D'OCCUPATION PEUT ÊTRE PERMISE1607