

--- Page 1603 ---
s: 431,3s: 352,0s: 179,4
s: 416,5
s: 8 982,2s: 1 131,8
s: 61,4s: 168,1s: 102,2
s: 282,6
s: 263,8s: 596,0
s: 17,1
s: 228,6s: 0,1s: 116,5
s: 119,2s: 105,7s: 134,7
s: 152,6
s: 258,9s: 136,7
s: 134,0
s: 1 097,4s: 130,8s: 70,1s: 120,6
s: 73,3
s: 2 809,6S: 2 977,1
s: 2 720,4s: 167,7
s: 215,4s: 179,1
s: 115,9s: 98,4s: 1 128,1
s: 139,9s: 103,9s: 163,6s: 66,8
s: 169,4
s: 3 308,2s: 92,0s: 90,3
s: 205,7s: 562,3
s: 120,6
s: 165,8s: 37,6s: 235,5
s: 10 353,9s: 113,4
s: 133,0s: 204,9s: 156,6
s: 266,8s: 148,6
s: 267,1s: 446,5
s: 637,6s: 506,7s: 83,4
s: 142,1s: 285,9s: 100,6
s: 121,6s: 191,8s: 99,0
s: 500,0
s: 1 102,8
s: 85,3s: 356,7s: 130,8s: 1 426,8
s: 1 270,5s: 589,2s: 152,2
s: 120,7s: 176,6
s: 284,3
s: 79,8s: 76,6s: 186,8
0,97
0,51
27,8014,81
4,3019,51
22,28
13,3832,05
7,468,10
29,276,4935,5614,72
11,91
141,4912,2813,0788,64
6,9213,506,35
20,9329,83
13,1853,031,52
4,153,159,877,930,40
18,045,7319,216,95
10,1511,90
91,1425,846,749,637,99
9,9112,627,31 2,928,028,15
10,403,665,70
6,924,42
8,845,20
106,077,628,903,67
11,7014,28
4,3317,33
4,059,14r: 2,63
29,2826,4655,56
17,98
7,462,297,65
6,401,95
20,0218,2513,72
5,2710,94r: 3,55
101,7713,23
18,604,740,153,058,78
5,677,75
11,745,27
10,2615,65
7,2613,8110,45
15,376,29
14,2613,562,6310,51
120,770,9211,63
3,173,083,161,39
9,5510,419,409,654,24
18,818,3818,52
9,45
0,43
3,922,485,808,8719,8125,354,60
57,40
10,2420,06
11,448,856,46
4,887,19
6,5012,41
7,5811,77
9,193,02
1,4114,62
14,1812,55
30,81
12,192,449,682,29
9,096,043,85
6,779,220,80
8,1712,98
0,510,835,302,16
18,6017,5420,32
24,692,82
66,138,46
2,29
20,9715,2416,09
17,9826,814,36
5,099,36
6,636,86
14,720,4115,45
7,090,532,201,330,503,9414,88
4,3413,035,9711,96
13,558,18
8,840,794,37
7,0713,1112,97
13,726,81
8,118,2323,576,73
1,1514,84
2,9318,592,6027,8621,50
11,28
14,2319,3058,5240,75
20,730,241,266,702,60
23,50
138,680,1510,8271,28
5,424,27
1,2312,28
6,606,89
1,042,83
7,5214,2511,13
9,742,99 1,94
11,676,4410,67
10,21
7,146,967,924,729,3014,35
12,286,74
9,09
16,021,890,588,434,19
10,872,58
15,3676,02
80,877,68
12,499,50
21,0210,15
2,7437,190,714,378,43
19,40
10,9614,17
7,689,14
6,434,3512,12
8,30
4,81
39,7230,206,847,24
12,58
2,6810,88
6,409,77
9,809,25
5,91 4,627,88
13,441,825,7511,03
10,944,81
5,3655,0513,072,63
2,114,61
3,540,913,668,9640,93
9,479,422,2910,66
113,0517,15
13,03
3,1620,0119,34
10,26
0,2113,879,98
33,2518,5019,74
16,6010,14
30,5711,46
2,32
3,326,501,237,11
20,6834,38
9,303,96
6,405,999,69
25,260,3211,26
9,8618,05
3,841,7311,93
9,7311,81
163,506,75
9,9110,0211,58
6,0412,96
15,7462,319,75
5,630,21
15,3420,326,95
4,88
6,6050,09
10,3022,567,94
2,049,6015,2711,60
23,885,5817,02
5,968,2310,81
13,05
7,1413,92
6,228,8413,349,945,039,91
13,239,450,567,424,942,35
147,8723,62
6,568,00
4,84
#1143B#1149#1156#5
#1175
#1179#1187#50
#50#29#32
#44#30#6
#13#4#11 1/2
#18
#19
#2#17
#35
#1147#1
#1167#25
#1169#1185#1196#42#40
#37#29#26 1/2
#27 1/2#25
#44 1/2#16
#23#21#28#26
#30#22
#33#27 1/2
#27
#1150#2
#1161#1170
#1166#77
#1180
#1173#1183#1192#1194
#1191#54
#1195#50
#56#33#36#38
#34#12#15
#32#16#14
#28#35#23
#1165#10#52#48#35
#54#30
#28
#38 1/2
#34 1/2#24
#27#22#8
#2
#7#3#17
#17
#18
#1184
#1199#46
#1201#36
#40#40 1/2#26
#8
#9#5
#36
#1143#1145#32
#1160#1174#1200#44
#46#44
#52
#46#10
#40#28#1A
#1
#34#32#29
#1141#6
#1151#60
#2#42#34
#48#25 1/2
#14
#42#25
#38#38 1/2#26#5 1/2#19
#24#25 1/2
#1139#4
#1154
#1159#8
#1190#9
#1197#48 1/2
#10#38
#54 1/2#31#27#23#12
#22#30#20
#26#20#25PC
-28907
PC-02074PC-02070PC
-27471PC-02076
PC-02075
PC-04267
1 212 6101 314 907
1 213 3331 212 621
1 212 6391 213 4641 213 462
6 303 8121 213 1861 213 1781 213 179
6 376 166
1 213 3371 213 3291 213 4681 315 2941 212 966
1 212 4901 213 3311 212 616
1 213 471
1 212 6341 213 1821 212 967
1 212 684
1 213 3361 314 906
1 314 9501 212 615
1 213 4701 213 181
1 213 1851 212 686
1 213 3321 212 607
1 213 3301 213 3341 212 637
1 212 636
1 212 6351 213 1871 213 184
1 212 6321 213 177
1 212 683
1 213 5121 314 8361 212 6061 212 618
1 213 460
1 213 4721 314 933
1 213 5091 213 3351 213 4691 213 467
1 213 4591 213 4581 212 617
1 212 638
1 212 4911 314 932
1 314 8561 213 1831 213 1761 212 961
6 303 8111 212 614
1 213 4731 213 4661 213 4651 213 4611 213 463
1 212 6311 212 611
1 213 3281 212 6121 212 613
1 212 633Rue Charlevoix
Rue Couillard
Rue Saint-JeanRue GarneauRue Saint-Flavien
Côte de la Fabrique
Rue Pierre-Olivier-ChauveauRue de l'Hôtel-DieuRue Ham
el
No du règlement :
Préparé par :No du plan :
Échelle :R.C.A.1V.Q. 4
S.R.1:1 000
±
ANNEXE IVLimite de lot
Bâtiments principaux
Lot visé
RCA1VQ4PT67c
SERVICE DE LA PLANIFICATION
DE L'AMÉNAGEMENT ET
DE L'ENVIRONNEMENT Date du plan : 2024-07-09LOTS NUMÉROS 1 212 611,1 212 612,1 212 613,1 212 633 ET 1 213 328 -
TERRITOIRE SUR LEQUEL UNE PERMISSION D'OCCUPATION PEUT ÊTRE PERMISE1603

--- Page 1606 ---
s: 562,3s: 116,5s: 152,2
s: 61,4s: 37,6
s: 142,1s: 285,9s: 1 128,1s: 187,6
s: 204,9s: 146,9
s: 2 927,7s: 239,3
S: 2 977,1s: 349,9
s: 118,7
s: 613,3
s: 1 102,8s: 144,3
s: 1 426,8
s: 589,2s: 1 131,8
s: 235,5s: 1 618,3
s: 115,3
s: 596,0S: 15 000,2s: 110,1
s: 168,1
s: 66,8s: 334,6s: 149,1
s: 120,7s: 103,9s: 482,3s: 385,3
s: 4 690,8s: 129,9
s: 167,7s: 152,7
s: 83,4s: 284,0
s: 909,6
s: 8 256,6s: 2 550,8
s: 136,7
s: 179,1s: 176,6
s: 134,0s: 381,8
s: 446,5s: 83,9
s: 1 020,2s: 735,8
s: 98,4s: 2 040,7s: 83,4
#85#85#11
#5#50#30#215
#32#1#1163#1181#1187
#5
#1#25
#1196#39B
#42#40#32
#37#29#26 1/2#209
#27 1/2#25#1174
#2#7
#77#3
#1192#1194#54
#50#20#217
#36#38
#34#1162#1172
#1
#10#52#48#31
#35#26A
#35#30
#28
#38 1/2
#34 1/2#24#1185
#46#227
#36#221
#40#40 1/2#26#1158
#32#75
#1200#44#225
#26
#46#44#219
#3 #1168#1180
#6#43
#39A
#60#26B#223
#42#34#213
#25 1/2#1160#1164#1166#1170
#50#1183
#4#9
#8
#9#48 1/2#38#19
#31#27#2
1 212 6131 212 7051 212 707
1 212 710
1 213 4621 315 2941 212 9762 502 437
1 314 9071 213 316
1 314 9061 212 640
1 212 6141 212 616
1 213 4601 315 3011 315 3001 314 964
1 213 4691 212 621
1 212 6186 358 841
1 213 470
1 213 4591 314 9632 361 491
6 376 1661 213 618
1 315 298
1 213 4671 212 708
1 213 4651 213 4641 314 9681 314 967
1 212 610
1 213 4681 213 317
1 315 299
1 213 4731 213 3191 213 318
1 212 6151 212 709
1 213 4661 213 4581 212 617
1 213 4716 554 219
PC-19679
PC-02070
PC-02074PC-15626PC-26160
PC
-27471PC-02096
PC-02095
Rue CharlevoixRue des Remparts
Côte Dinan
Rue CouillardCôte de la Canoterie
Rue Ham
el
No du règlement :
Préparé par :No du plan :
Échelle :R.C.A.1V.Q. 4
S.R.1:1 000
ANNEXE IV
LOTS NUMÉROS PC-19679 (3 725 540, 5 852 774, 5 852 775, 5 852 776) -
TERRITOIRE SUR LEQUEL UNE PERMISSION D'OCCUPATION PEUT ÊTRE PERMISELimite de lot
Bâtiments principaux
Lot visé
RCA1VQ4PT67f
SERVICE DE LA PLANIFICATION
DE L'AMÉNAGEMENT ET
DE L'ENVIRONNEMENT Date du plan : 2025-04-291606