

--- Page 1587 ---
s: 185,8s: 295,2
s: 1 205,0s: 650,3
s: 436,7s: 757,7
s: 10,0
s: 631,9s: 594,6
s: 436,6s: 679,3
s: 1 127,8s: 280,1
s: 934,5
s: 935,1
s: 436,7
s: 622,5
s: 455,8s: 594,6s: 5 005,5
s: 436,7s: 436,6s: 272,1s: 289,4
s: 883,1s: 9,9
s: 393,0
s: 337,0s: 371,6
s: 780,4s: 2,8
18,2612,19
30,4830,4835,45
20,4213,7212,19
3,0513,851,5222,86
7,312,25
18,29
20,7351,1118,29
8,8919,51
30,48
15,6214,331,83
0,18
14,3327,4321,34
20,42126,702,50
11,3511,43
11,4030,4816,25
30,48
14,334,27
8,2314,3328,23
13,5912,95
34,9930,4825,6020,59
7,90
30,4121,34
26,59
40,2330,4851,2159,04
14,3314,3313,22
24,3827,83
30,4822,19
26,66
11,4121,93
30,4818,29
19,5118,29
12,190,182,81r: 7,50
30,4814,3324,382,2623,67
20,29
5,6330,4815,24
19,5118,29
6,0630,48
16,2221,6418,2913,55
30,4897,75
14,339,17
15,5439,2310,602,54
51,15
0,2019,51
14,3314,3327,85
30,4813,72
3,0533,2354,71
36,7912,1914,0612,3910,29
25,543,4612,19
8,9313,51
51,08
100,32
14,3330,487,62
7,62
27,4335,5227,90
30,48r: 7,623,7510,17
5,20
25,60#1445
#2010#1465#1971
#2011A#2024
#2025#2003#1460
#2027#2018#1461#1975
#1940#1977
#2003
#2011B#2009B#1450
#1458#2012
#2011
#2024#1998
#2009A#2034#2023#2019#1463#1452#1979
#2014#1441
#2020
#2021
#2028#2006#1983
#1458
#2002
#1505
PC-33376PC-334972 073 580
2 076 2152 076 2112 076 2133 140 5362 074 025
2 073 5772 073 575
2 073 578
2 074 9062 075 7452 074 5932 074 030
2 076 2144 704 061
2 074 9056 257 7172 075 748
2 076 3272 073 576
2 076 2106 257 719
2 074 9072 074 9046 257 718
2 073 579
2 076 209
2 076 2163 140 537
2 074 9036 100 086Avenue Maguire
Chemin Saint-LouisCôte de Sillery
Rue Louis-H.-LaFontaineAvenue Oak
Date du plan :
No du règlement :
Préparé par :No du plan :
Échelle :R.C.A.3V.Q.4
M.M.1:750
ANNEXE VII
UTILISATION TEMPORAIRE - PARTIE DU LOT 6 100 086
2025-03-21
RCA3VQ4UT07SERVICE DE LA PLANIFICATION
DE L'AMÉNAGEMENT ET DE
L'ENVIRONNEMENT1587