

--- Page 1574 ---
S: 509,1S: 373,9S: 971,6
S: 387,9S: 544,8
S: 394,8
S: 344,9S: 394,8
S: 386,8S: 484,3
S: 444,8
S: 1 754,0S: 11 044,4S: 4 094,5S: 2 011,5S: 766,4S: 613,2
S: 582,1
S: 1 683,2
S: 613,2S: 126,2 S: 279,3
S: 469,1S: 221,6S: 676,2S: 749,7
S: 470,0
S: 394,8
S: 469,9
S: 4 665,2
S: 596,4
S: 531,4
S: 529,7
S: 259,6
S: 327,9
S: 371,6S: 448,3
S: 456,4S: 768,4
S: 918,3S: 101,3S: 479,8
S: 673,7S: 398,3
S: 531,4S: 394,9
S: 620,0S: 578,9
S: 647,2
S: 394,8
S: 394,8S: 4 732,4
S: 537,9
S: 769,3
S: 355,4S: 12 651,3S: 1 836,1S: 557,0
S: 511,0S: 529,7S: 243,8S: 327,9S: 547,4
S: 802,1S: 386,2
S: 548,2
S: 562,1
S: 562,1S: 583,1
S: 620,4S: 715,1S: 696,8S: 408,8
S: 316,9S: 360,0
S: 566,9
S: 558,2S: 394,8
S: 379,1S: 394,8
S: 394,8S: 394,8
S: 457,3S: 5 445,2S: 511,0
S: 6 164,4
S: 232,2
S: 2 915,3S: 268,3
S: 591,0S: 509,6
S: 512,9S: 561,1
S: 538,1
S: 394,8
S: 587,4S: 386,8
S: 476,7
S: 355,4
S: 394,8S: 438,2
S: 622,9S: 1 224,7S: 277,5
S: 464,5S: 771,3
S: 585,3S: 461,7S: 286,6
S: 557,4S: 449,0
S: 663,1
S: 394,8S: 9 011,3
S: 754,1
S: 499,6
S: 595,5S: 463,6S: 993,4
S: 634,0S: 2 054,0S: 7 404,3
S: 5 339,5S: 40,9S: 258,5S: 756,6S: 494,7S: 578,1S: 2 225,6S: 371,6S: 229,0
S: 557,6S: 394,8S: 442,4
S: 561,7
S: 394,8S: 394,8
S: 739,0
S: 572,4S: 9 229,6
S: 451,1
S: 430,4
S: 3 391,5S: 1 335,3S: 2 269,7S: 511,0
S: 766,4
S: 529,7S: 385,5S: 388,0
S: 277,5S: 437,6
S: 466,1S: 998,0S: 710,7
S: 3 462,1S: 559,9
S: 578,0S: 394,8S: 7 288,8
S: 606,4
S: 652,6
S: 282,1
S: 979,6S: 34 149,4
S: 7 804,3S: 749,8S: 511,0S: 4 004,8S: 624,9
S: 766,4
S: 529,7S: 277,5S: 659,5
S: 277,5S: 327,9
S: 464,5S: 4 685,1S: 5 734,4
S: 562,123,16
15,24
16,3121,34
A:35,93
R:44,0714,02
15,24
25,91
25,9125,91
31,58
31,7025,91
25,91
16,7615,24
15,24
22,86
15,24A:9,5815,24
15,24
A:9,5939,6218,29
19,8130,48
25,9116,7630,63
15,24
25,9129,39
28,98
15,24
26,76R:21,5056,24
29,73
R:18,00
32,70
2,05R:9,502,8027,58
R: 6,109,37
15,3027,58
42,9810,06
21,49
27,58
7,278,84
7,39
159,908,84
35,09
34,53169,1815,35290,93
33,41
40,11
12,1939,26
124,83
151,664,5730,48
R:6,00R:152,50R:97,50
A:44,39
A:18,8815,40
A:9,45
A:2,700,300,6015,3318,1526,4733,53R:16,50
A:6,2857,00
13,50
41,525,76R:21,50R:21,78
0,120,72A:9,6827,7118,2922,861,6223,32
33,53
20,12
24,38
33,53
4,61
24,3820,1222,8627,58
14,3364,11
19,4531,53
18,2925,91
19,8115,2415,24
R:6,10 19,8115,24
25,91
R:6,10
25,91
13,7215,24
25,9115,24
22,86
30,00111,49
A:33,77
16,21
22,25
32,51
7,68
36,497,68
57,61R:18,00
4,85
A:10,06A:6,40R:17,0048,9215,24
A:9,625,65
24,38
12,2427,58
48,15
5,2724,389,37
18,7327,58
15,2425,37
19,05159,4127,7711,89
11,4119,07
210,31124,8331,30
21,9230,76
R:6,0015,24
138,3656,74
16,7633,5315,24
23,84
A:77,7732,0022,8633,538,26R: 9,5066,0033,53
19,200,29
32,2322,86
18,2915,7410,73
33,5315,85
33,53
384,3515,2415,0311,89
15,24
31,46
16,7615,24
31,7021,34
25,6019,05
16,6115,2433,98
25,9133,32
345,63
19,81
22,9815,24
9,14
13,7216,76
15,2429,80
15,24
15,24
A:26,99
R:9,50
32,51
21,08
37,10R:48,77
A:8,72
R:48,7728,008,84
15,2410,06
23,6215,36
18,4415,2436,3330,4815,24
30,48R:152,50A:9,66A:32,76R:152,500,3076,24
A:76,99
16,76
R:9,50
16,76
18,29A:4,90
R:139,7133,5315,24
18,29A:4,41
2,641,29
1,533,56
33,537,30
33,53
6,0915,24
1,2222,8631,52
31,5322,86
16,1531,5220,12
20,1827,7418,29
12,41
220,7525,67
216,78
13,7225,91
15,2425,91
15,24
15,2425,91
15,2422,86
10,89
R:6,10A:9,5815,24
15,24
13,72
28,44
R:21,50
32,73R:9,50A:67,69
A:7,07A:13,82R:48,77R:21,50
20,3327,58
5,2735,2610,49
13,84
24,10
15,2424,4210,06
24,0715,2411,8931,52
15,91
30,00
8,50
R:173,50
R:173,50 R:257,50
R:242,5010,9720,2128,20
13,41 20,12
A:11,9542,33
R:139,7131,88114,29R:139,7159,40
15,2432,0015,24
R:21,50A:16,67
A:16,69
R:21,50R:27,43
R:27,43
6,61
R:6,004,5720,1230,48
0,6018,64
1,52
5,05
33,5322,8663,40
24,3815,8533,07174,34
7,76
33,5315,2416,3115,24
A:16,28
3,0515,85
31,56
16,2217,68
17,6826,02
15,0925,91
31,7018,29
15,0922,8625,91
9,14
30,48
22,9925,91A:9,5833,84
15,2415,24
15,24
13,72
25,91111,49
A:14,92129,8156,24
56,21
56,21R:16,50A:72,59
64,9454,40
43,57
57,61
16,00
R:9,00A:0,31
16,67A:13,35
A:6,4018,29
10,27
8,1118,3721,4927,58
24,3824,610,87
24,54
16,8427,5827,5815,2415,24220,5430,4815,2430,48
155,84
14,71
14,7140,11
16,49A:28,84A:26,13
R:173,50
37,15
15,61R:158,5015,40
0,3040,5615,2470,84
16,61
0,30
26,3043,45
30,9315,24
18,8431,8819,2022,86
A:23,86
29,2051,87
35,89A:15,09
15,24A:10,12
15,12A:5,96
R:6,00
57,02
22,860,6024,20
4,50
1,30
6,1116,764,92
33,5322,86
12,032,06
16,76174,3518,29
15,24
15,24
17,6815,24
17,68
18,2915,24
15,24
18,2915,24
25,9122,86
161,8915,24
22,86
22,86
39,6222,86
13,4932,00
22,86
25,9122,9930,22
15,2415,24
15,249,81
28,0415,24
27,48
22,8626,36
32,7316,38
123,86R:18,00
R:21,502,05A:12,38
10,2419,20
15,0337,9013,93
14,30
36,42
3,50
15,2417,478,9926,5522,8010,0618,03
20,3015,36
18,2936,33
15,92
12,19
15,76
3,76
32,04
4,244,19
28,910,60
A:25,51
51,82
A:37,02
R:158,5076,6615,443,43
18,29
0,3033,53
33,53
33,5312,6749,2912,57
6,15
15,24
A:15,59
47,09
18,2923,320,9015,444,9215,7411,6020,3718,64
S: 189,1
24,3818,2915,2417,6824,0820,73
17,68
21,3415,2415,24
31,6418,2915,2415,24
22,8625,9125,91244,44
15,24
15,2425,91
25,91
19,5932,66
10,89
16,8819,8131,0418,29
18,4033,86
15,24
15,24
15,41
15,24
22,8651,08R:21,50A:2,11A:4,6876,61
58,92R:16,50
36,49
R:9,5019,20
10,8219,20
20,1227,58
10,0627,5811,89
15,24
41,5315,24
0,14
27,5833,9715,2415,2436,62
86,07
2,56
15,24
30,0030,48A:3,92
0,39A:9,01
A:46,47
53,7951,18
A:78,4576,20
0,60
16,76
18,2916,7616,76A:70,0631,88
32,003,34
34,63R:8,0057,00
19,67
16,62
15,24
A:16,3146,65
52,6032,3115,241,53
3,9010,35
1,525,931,2230,48
33,534,5230,484,57
24,3818,29
18,3215,2415,2424,38
32,3119,5131,70
R:44,0751,05
15,24
17,98
16,1524,99
220,75
31,5515,24
16,61
46,9415,24
31,7033,98
25,9115,24
15,2431,55
18,40R:6,10
25,91
70,39124,08124,08
15,24
15,24
4,56
36,54
11,356,96R:21,50
A:14,9229,8456,2360,99104,5787,4422,25
41,3920,33A:14,13
A:33,924,85A:21,1027,4328,00190,72
15,3018,95
15,2425,30
35,97
27,58
35,53
27,5830,2511,8919,0727,43
15,70
31,00
14,9456,99
R:6,00A:9,66
69,190,30
15,0930,69
35,02
32,58
49,96
15,6115,42
R:158,50
49,2279,67
R:257,5013,4429,46
76,2018,44A:7,7133,53
18,294,1321,99A:6,29R:21,5013,50A:22,26R:27,4332,3121,34
1,243,038,24
1,24
106,670,70
27,71
18,29
33,531,497,803,0010,80
16,7624,3813,3316,76#819
#875#1636
#1643
#836
#850#1615-#1637
#851#840
#844
#857
#863#854#852#1614
#861
#874-#876
#881
#885#170
#589
#865#1621
#1634 #1612
#1580
#1560
#1480#776
#814#1645
#816#813
#844#830
#1710#1628
#855
#839-#841#1622 #1618
#845#1612
#857
#886#203#267
#275
#970
#839#861#1629
#1660
#1525
#1460#829
#836
#840#819#819A
#846#1616
#863
#890#235
#251
#179#825-#835-#845
#285#335 #385
#834
#995#1495#707#1617
#1617#730#770
#1550
#1530#820-#822
#1472#1647
#895-#897#807
#827
#839#823
#1700#850
#227#315 #325
#830
#415#1628 #1618#750
#1570 #1564
#1535
#1515
#1475
#906-#908#833#817
#2016#832
#847
#878
#243#305 #345
#350#375
#91
#840
#1494#595
#868#1626
#1505#815
#1490#1470
#1467#775
#811
#824#822#815#1632
#846#843#842
#858#849#1610
#871-#873#853
#870#865
#888
#889#195#187#259
#910#425
#845#860#585
#864#1490#1619
#1630
#1625#780
#1520#828
#896#830#1648#1643
#848#827
#853
#1660#860
#867#869
#873
#877-#875
#211#155#295
#850
#67
#850#575#1625
#1635 #1627#1610#735#753
#1544#1540#824
#819
#1501
#1491#1483#1481#1476
#1479 #1471
#869#834#825
#905#761
#835#825
#852#849
#859#851
#864
#877#1605
#882
#219#355 #365#1492#1620
#1629#1616#1614#760
#1600-#1602
#775#810#814#825
#1495
#14871 737 890
1 737 9011 736 867
1 736 8651 736 633
1 736 8641 736 8492 768 033
1 736 6291 737 500
1 738 452
1 736 5521 737 921
1 738 449
1 736 6621 736 8401 736 415
1 736 8311 737 6761 736 9081 736 498
1 736 499
1 736 869
1 736 8681 738 413
1 738 552
1 738 138
1 736 632
1 736 6251 736 8481 736 561
1 736 618
1 736 617
1 736 6662 768 0324 804 0831 736 901
5 399 876
1 736 8971 737 117
3 369 403
1 738 466
1 736 9051 736 2591 736 859
1 737 9121 736 8601 738 414
1 736 857
1 737 4281 736 630
1 736 863
1 737 9141 736 6281 736 5601 736 557
1 736 845
1 736 6691 736 8391 736 903
1 736 8951 736 5471 737 9921 737 3331 738 457
1 736 627
1 738 456
1 736 6191 736 5621 736 564
1 737 4791 736 5651 736 5661 736 5491 738 455
1 736 8411 736 904
1 736 902
1 738 418
1 736 8961 736 546
1 738 453
1 737 3931 738 468
1 736 4831 737 991
1 737 6341 738 411
1 736 8541 738 4121 737 6031 738 451
1 736 851
1 736 850
1 736 631
1 736 624
1 737 9231 736 6221 736 5631 736 555
1 736 553
1 736 551
1 736 5501 737 919
1 737 920
4 779 739
1 737 5721 736 900
1 736 894
1 737 916
1 736 5031 737 9901 736 257
1 737 4241 736 853
1 737 911
1 737 9131 736 862
1 737 575
1 736 847
1 736 620
1 736 558
1 736 843
1 736 842
1 736 670
1 737 257
1 738 198
1 737 988
4 803 889
1 738 3291 736 858
1 736 861
1 736 626
1 736 554
1 736 668
1 736 663
1 736 664
1 736 834
1 736 8371 738 0681 737 1161 736 5481 736 5441 738 4671 738 197
1 736 9071 736 2581 736 268
4 803 8901 736 8562 742 051
1 736 621
1 736 789
1 736 6651 736 838
1 736 836
1 736 835
4 804 0824 779 740
5 399 875
1 737 9221 738 4543 369 402
1 736 9061 736 502
PC-30300PC-30645
PC-06672PC-06476PC-06686
PC-06484PC-06687
PC-06483PC-06477
PC-06482PC-06678Avenue de VimyChemin Sainte-Foy
SERVICE DE LA PLANIFICATION
ET DE LA COORDINATION DE
L'AMÉNAGEMENT DU TERRITOIRENo du règlement :
Préparé par :No du plan :
Échelle :R.C.A.1V.Q. 4
M.M. 1:1 600
ANNEXE IV
LOT NUMÉRO - 4970991
TERRITOIRE SUR LEQUEL DES PLANS DE CONSTRUCTION PEUVENT ÊTRE APPROUVÉSLot visé
Limite de lot
Bâtiment principal
RCA1VQ4PC35PLAN DE CONSTRUCTION - ANNEXE "IV"1574