

--- Page 1985 ---
SERVICE DE LA PLANIFICATION
DE L'AMÉNAGEMENT 
ET DE L'ENVIRONNEMENTDate du plan :
No du règlement :
Préparé par :Échelle :R.C.A.1V.Q.4
S.R.
No du plan :ANNEXE IX
UTILISATION TEMPORAIRE / PARTIE DU LOCAL NUMÉRO 125
 - 80 GRANDE  ALLÉE EST
2021-12-16RCA1VQ4UT14s: 4 3 3,2
s: 5 1 2,7s: 4 1 8,1
s: 4 1 8,1
s: 3 5 6,6s: 6 2 7,1s: 6 3 1,8
s: 2 7 2,3
s: 1  09 5 ,0S: 1 2 1 5 6,9s: 4 7 3,8s: 5 5 7,4
s: 3  68 6 ,9s: 5 5 2,8
s: 3 90 6 ,1
s: 2 7 2,3s: 5  78 4 ,5s: 5 5 3,2
s: 6 8 2,0s: 4 7 3,8s: 6  45 4 ,0
s: 2 9 1,0
s: 3 3 8,2
S: 1  1 2 9 ,7s: 9 7 7,2s: 4 1 8,1
s: 2 4 5,3s: 4 7 3,8
s: 3  36 2 ,4
s: 7 6 9,3s: 4 9 6,7
s: 4 6 5,7s: 3  04 1 ,5
0,2 13,7 235 ,36
21 ,9825 ,09
27 ,6713 5 ,0 018 ,29
18 ,29
62 ,29
77 ,05
28 ,9618 ,2918 ,29
73 ,603,3 5r: 2 ,1 3
16 ,90
16 ,900,3 77,7 025 6 ,2 6
12 ,8724 ,3810 ,06
59 ,9118 ,2925 ,17
8,0 713 ,61
9,1 457 ,1821 ,3525 ,91
40 ,75
32 ,7318 ,4818 ,487,7 065 ,71
7,7 0
6,1 035 ,36
59 ,9529 ,0128 ,90
17 ,87
42 ,0619 ,1212 8 ,0 222 ,86
18 ,2918 5 ,0 112 ,1918 ,29
18 ,2925 ,9121 ,34
60 ,96
16 ,8816 ,88
24 ,38
16 ,0328 ,78
12 ,1918 ,14
42 ,0611 ,2 8
32 7 ,0 833 ,99
24 ,3824 ,38
17 ,5025 ,91
25 ,91
7,7 0
0,2 1
1,3 317 ,2417 ,86
42 ,0627 ,6253 ,03
12 ,1930 ,6742 ,0618 ,2918 ,2924 ,38
2,1 3r: 2 ,1 325 ,91
79 ,176,1 0
0,3 010 ,06
11 ,6 411 3 ,14
39 ,0139 ,0122 ,86
80 ,169,0 821 ,34
21 ,34
19 ,33
0,3 77,7 0
30 ,84
10 ,7419 4 ,2 321 ,34
28 ,9648 ,8112 ,59
3,3 525 ,91
1,3 315 ,24
13 ,000,1 511 ,5 14,5 7
18 ,2911 ,2 222 ,8618 ,29
27 ,4322 ,8619 2 ,3 0
22 ,8627 ,4325 ,91
21 ,35
4,5 759 ,4318 ,29
18 ,2925 ,91
#1160
#51#111 5
#87#1145
#30#24#10 0
#35#55#91#1125
#15 1#1166
#1170
#40#1185#13 0
#71#1130#1120
#1140#1145
#12 05#14 0#1125
#1180
#1190
#20#10#91  1/2#1152#1150#1147
#1154
#16 5#1
#1192
#50
#23#41#67#15 5
#60#1196#111 0
#59#80#1143
#75#83#99#1156#1165
#5
#1154
#65#79#95#1141
#1155#1164
2 401 1081 303 7181 303 711
2 401 1091 303 773
1 303 781
1 303 5731 303 5881 303 713
1 303 5861 303 697
1 303 587
1 213 1151 303 721
1 315 0071 303 7761 303 712
1 303 575
1 303 739
1 213 1141 303 7191 303 704
1 303 7341 303 592
1 303 5891 303 717
1 303 5741 303 590PC-03603
PC -03577PC -31118PC -37798
Grande Allée Est
Grande Allée OuestAvenue GalipeaultAvenue Louis-St-Laurent
Avenue De Salaberry
1:1 000Utilisation temporaire - Annexe IX
Bâtiment principal
Limite de lot
Partie du lot 1 501 344
Plan complémentaire (cadastre vertical) visé1985