

--- Page 1605 ---
s: 366,7
s: 354,3s: 226,9
s: 150,9S: 6 847,9s: 382,6s: 664,5s: 605,4
s: 526,3 s: 364,4s: 314,3
s: 225,7
s: 436,2s: 328,1
s: 524,9s: 335,7
s: 348,5
s: 237,3s: 835,6s: 180,1
s: 15,4s: 337,8
s: 231,6s: 336,7
s: 4 076,0
s: 199,5s: 226,9
s: 150,3
s: 130,4s: 221,9s: 539,9
s: 205,5s: 226,9
s: 283,5s: 226,9
s: 344,1
s: 224,9s: 336,5
s: 6 454,0s: 1 305,4
s: 344,5s: 216,4s: 226,9
s: 191,7s: 629,8s: 336,1s: 335,9
s: 133,3
12,24
18,0533,22
14,317,4720,12
28,5633,39
7,99
115,8035,0734,896,33
21,16
28,7827,43
11,280,5410,06
14,6319,77204,45
15,2410,06
19,422,206,3328,6528,65
44,8220,1232,82
10,7610,36
20,12
11,2817,4236,654,3910,06
35,4110,06
28,6533,43
14,9433,50
10,12
28,656,2821,13
202,67
11,4910,3612,807,92
20,1210,52
30,4810,06
7,5027,6115,8028,65
11,27
13,087,9215,24
15,24
35,6635,2033,35
14,006,2821,10
22,8610,52
7,22
17,627,4210,4228,657,92
32,827,92
0,54
17,4217,71
7,5010,7610,2133,35
17,0036,10
28,5014,6310,0610,06
203,92
28,5525,1010,06
23,36
4,6616,90
12,8610,52
7,4611,0252,23
13,097,9228,65
93,85
0,337,5633,4510,06
35,0734,8910,06
8,61
19,4215,288,95
3,2332,1011,32
7,4720,1228,65
10,73
20,127,47
20,122,709,149,1433,47
8,208,3616,90
41,48
15,3810,360,569,8032,6110,97
30,4811,3432,6110,73
7,5012,8028,65
7,92
27,517,92
10,06
14,9410,12
28,65
202,718,3621,1020,47
18,29#6
#1020#55
#16
#9#24B#26#36#46
#29B
#70#43#70
#65
#138
#134#25
#10#51
#22
#1025
#4#30#21#25A
#75#63
#132
#1024
#1070#3#20#24
#17
#1085#44
#27#60
#90#66
#61
#1018#1004#8
#1009
#1045#10#50A#34B
#25#33#56#64
#55
#85#71#79
#1016#35#39
#12
#1060#63
#30#34A
#64#37#52#54#73
#1034#1030
#1044#3B#59#65
#40#32#38
#29A#50
#46 1/2
#49#51#29
#1048#1005#49
#1068#1031#1035#7
#50
#20#23
#1089#42
#31#62
#47#67#69
#1040#45
#1054#1015
#1021#5#24A
#1074#25B#35#45#53
#57#67A#75PC-38069
PC-03589PC-03598PC-18266PC-15143
PC-18344
1 303 4521 303 4371 303 672
1 303 670
1 303 4391 303 7461 303 681
1 303 4101 303 451
1 303 5931 303 595
1 303 7471 303 693
1 303 438
1 303 4401 303 6691 303 671
1 303 6921 303 685
1 303 7371 303 606
1 303 4411 303 678
4 940 7821 303 4531 303 771
1 303 5261 303 7481 501 6051 303 683
1 303 4471 303 611
1 303 4421 303 682
1 303 5941 303 686
1 303 5921 303 619
1 303 3891 303 5911 303 7491 303 449
1 303 691
Rue De MaisonneuveBoulevard René-Lévesque Est
Avenue De Salaberry
No du règlement :
Préparé par :No du plan :
Échelle :R.C.A.1V.Q. 4
S.R.1:750
±Limite de lot
Bâtiments principaux
Lot visé
RCA1VQ4PT67e
SERVICE DE LA PLANIFICATION
DE L'AMÉNAGEMENT ET
DE L'ENVIRONNEMENT Date du plan : 2024-07-09ANNEXE IV
LOT NUMÉRO 1 303 691 -
TERRITOIRE SUR LEQUEL UNE PERMISSION D'OCCUPATION PEUT ÊTRE PERMISE1605